input_CT=
	35.2283
         0
         0
         0

input_real_t =

   35.1830
         0
         0
    0.0332

-------------------------
k = 3

input_CT =

   77.5396
         0
         0
         0

input_real_t =

   77.5385
         0
    0.0000
    0.0008

------------------------
k = 4
